2 5 
10 17 
18 29 
26 41 
34 53 
42 65 
50 77 
58 89 
66 101 
74 113 
82 125 
90 137 
98 149 
106 161 
114 173 
122 185 
130 197 
138 209 
146 221 
154 233 
162 245 
170 257 
178 269 
186 281 
194 293 
202 305 
210 317 
218 329 
226 341 
234 353 
242 365 
250 377 
258 389 
266 401 
274 413 
282 425 
290 437 
298 449 
306 461 
314 473 
322 485 
330 497 
338 509 
346 521 
354 533 
362 545 
370 557 
378 569 
386 581 
394 593 
402 605 
410 617 
418 629 
426 641 
434 653 
442 665 
450 677 
458 689 
466 701 
474 713 
482 725 
490 737 
498 749 
506 761 
514 773 
522 785 
530 797 
538 809 
546 821 
554 833 
562 845 
570 857 
578 869 
586 881 
594 893 
602 905 
610 917 
618 929 
626 941 
634 953 
642 965 
650 977 
658 989 
666 1001 
674 1013 
682 1025 
690 1037 
698 1049 
706 1061 
714 1073 
722 1085 
730 1097 
738 1109 
746 1121 
754 1133 
762 1145 
770 1157 
778 1169 
786 1181 
794 1193 
802 1205 
810 1217 
818 1229 
826 1241 
834 1253 
842 1265 
850 1277 
858 1289 
866 1301 
874 1313 
882 1325 
890 1337 
898 1349 
906 1361 
914 1373 
922 1385 
930 1397 
938 1409 
946 1421 
954 1433 
962 1445 
970 1457 
978 1469 
986 1481 
994 1493 
1002 1505 
1010 1517 
1018 1529 
1026 1541 
1034 1553 
1042 1565 
1050 1577 
1058 1589 
1066 1601 
1074 1613 
1082 1625 
1090 1637 
1098 1649 
1106 1661 
1114 1673 
1122 1685 
1130 1697 
1138 1709 
1146 1721 
1154 1733 
1162 1745 
1170 1757 
1178 1769 
1186 1781 
1194 1793 
1202 1805 
1210 1817 
1218 1829 
1226 1841 
1234 1853 
1242 1865 
1250 1877 
1258 1889 
1266 1901 
1274 1913 
1282 1925 
1290 1937 
1298 1949 
1306 1961 
1314 1973 
1322 1985 
1330 1997 
1338 2009 
1346 2021 
1354 2033 
1362 2045 
1370 2057 
1378 2069 
1386 2081 
1394 2093 
1402 2105 
1410 2117 
1418 2129 
1426 2141 
1434 2153 
1442 2165 
1450 2177 
1458 2189 
1466 2201 
1474 2213 
1482 2225 
1490 2237 
1498 2249 
1506 2261 
1514 2273 
1522 2285 
1530 2297 
1538 2309 
1546 2321 
1554 2333 
1562 2345 
1570 2357 
1578 2369 
1586 2381 
1594 2393 
1602 2405 
1610 2417 
1618 2429 
1626 2441 
1634 2453 
1642 2465 
1650 2477 
1658 2489 
1666 2501 
1674 2513 
1682 2525 
1690 2537 
1698 2549 
1706 2561 
1714 2573 
1722 2585 
1730 2597 
1738 2609 
1746 2621 
1754 2633 
1762 2645 
1770 2657 
1778 2669 
1786 2681 
1794 2693 
1802 2705 
1810 2717 
1818 2729 
1826 2741 
1834 2753 
1842 2765 
1850 2777 
1858 2789 
1866 2801 
1874 2813 
1882 2825 
1890 2837 
1898 2849 
1906 2861 
1914 2873 
1922 2885 
1930 2897 
1938 2909 
1946 2921 
1954 2933 
1962 2945 
1970 2957 
1978 2969 
1986 2981 
1994 2993 
2002 3005 
2010 3017 
2018 3029 
2026 3041 
2034 3053 
2042 3065 
2050 3077 
2058 3089 
2066 3101 
2074 3113 
2082 3125 
2090 3137 
2098 3149 
2106 3161 
2114 3173 
2122 3185 
2130 3197 
2138 3209 
2146 3221 
2154 3233 
2162 3245 
2170 3257 
2178 3269 
2186 3281 
2194 3293 
2202 3305 
2210 3317 
2218 3329 
2226 3341 
2234 3353 
2242 3365 
2250 3377 
2258 3389 
2266 3401 
2274 3413 
2282 3425 
2290 3437 
2298 3449 
2306 3461 
2314 3473 
2322 3485 
2330 3497 
2338 3509 
2346 3521 
2354 3533 
2362 3545 
2370 3557 
2378 3569 
2386 3581 
2394 3593 
2402 3605 
2410 3617 
2418 3629 
2426 3641 
2434 3653 
2442 3665 
2450 3677 
2458 3689 
2466 3701 
2474 3713 
2482 3725 
2490 3737 
2498 3749 
2506 3761 
2514 3773 
2522 3785 
2530 3797 
2538 3809 
2546 3821 
2554 3833 
2562 3845 
2570 3857 
2578 3869 
2586 3881 
2594 3893 
2602 3905 
2610 3917 
2618 3929 
2626 3941 
2634 3953 
2642 3965 
2650 3977 
2658 3989 
2666 4001 
2674 4013 
2682 4025 
2690 4037 
2698 4049 
2706 4061 
2714 4073 
2722 4085 
2730 4097 
2738 4109 
2746 4121 
2754 4133 
2762 4145 
2770 4157 
2778 4169 
2786 4181 
2794 4193 
2802 4205 
2810 4217 
2818 4229 
2826 4241 
2834 4253 
2842 4265 
2850 4277 
2858 4289 
2866 4301 
2874 4313 
2882 4325 
2890 4337 
2898 4349 
2906 4361 
2914 4373 
2922 4385 
2930 4397 
2938 4409 
2946 4421 
2954 4433 
2962 4445 
2970 4457 
2978 4469 
2986 4481 
2994 4493 
3002 4505 
3010 4517 
3018 4529 
3026 4541 
3034 4553 
3042 4565 
3050 4577 
3058 4589 
3066 4601 
3074 4613 
3082 4625 
3090 4637 
3098 4649 
3106 4661 
3114 4673 
3122 4685 
3130 4697 
3138 4709 
3146 4721 
3154 4733 
3162 4745 
3170 4757 
3178 4769 
3186 4781 
3194 4793 
3202 4805 
3210 4817 
3218 4829 
3226 4841 
3234 4853 
3242 4865 
3250 4877 
3258 4889 
3266 4901 
3274 4913 
3282 4925 
3290 4937 
3298 4949 
3306 4961 
3314 4973 
3322 4985 
3330 4997 
3338 5009 
3346 5021 
3354 5033 
3362 5045 
3370 5057 
3378 5069 
3386 5081 
3394 5093 
3402 5105 
3410 5117 
3418 5129 
3426 5141 
3434 5153 
3442 5165 
3450 5177 
3458 5189 
3466 5201 
3474 5213 
3482 5225 
3490 5237 
3498 5249 
3506 5261 
3514 5273 
3522 5285 
3530 5297 
3538 5309 
3546 5321 
3554 5333 
3562 5345 
3570 5357 
3578 5369 
3586 5381 
3594 5393 
3602 5405 
3610 5417 
3618 5429 
3626 5441 
3634 5453 
3642 5465 
3650 5477 
3658 5489 
3666 5501 
3674 5513 
3682 5525 
3690 5537 
3698 5549 
3706 5561 
3714 5573 
3722 5585 
3730 5597 
3738 5609 
3746 5621 
3754 5633 
3762 5645 
3770 5657 
3778 5669 
3786 5681 
3794 5693 
3802 5705 
3810 5717 
3818 5729 
3826 5741 
3834 5753 
3842 5765 
3850 5777 
3858 5789 
3866 5801 
3874 5813 
3882 5825 
3890 5837 
3898 5849 
3906 5861 
3914 5873 
3922 5885 
3930 5897 
3938 5909 
3946 5921 
3954 5933 
3962 5945 
3970 5957 
3978 5969 
3986 5981 
3994 5993 
4002 6005 
4010 6017 
4018 6029 
4026 6041 
4034 6053 
4042 6065 
4050 6077 
4058 6089 
4066 6101 
4074 6113 
4082 6125 
4090 6137 
4098 6149 
4106 6161 
4114 6173 
4122 6185 
4130 6197 
4138 6209 
4146 6221 
4154 6233 
4162 6245 
4170 6257 
4178 6269 
4186 6281 
4194 6293 
4202 6305 
4210 6317 
4218 6329 
4226 6341 
4234 6353 
4242 6365 
4250 6377 
4258 6389 
4266 6401 
4274 6413 
4282 6425 
4290 6437 
4298 6449 
4306 6461 
4314 6473 
4322 6485 
4330 6497 
4338 6509 
4346 6521 
4354 6533 
4362 6545 
4370 6557 
4378 6569 
4386 6581 
4394 6593 
4402 6605 
4410 6617 
4418 6629 
4426 6641 
4434 6653 
4442 6665 
4450 6677 
4458 6689 
4466 6701 
4474 6713 
4482 6725 
4490 6737 
4498 6749 
4506 6761 
4514 6773 
4522 6785 
4530 6797 
4538 6809 
4546 6821 
4554 6833 
4562 6845 
4570 6857 
4578 6869 
4586 6881 
4594 6893 
4602 6905 
4610 6917 
4618 6929 
4626 6941 
4634 6953 
4642 6965 
4650 6977 
4658 6989 
4666 7001 
4674 7013 
4682 7025 
4690 7037 
4698 7049 
4706 7061 
4714 7073 
4722 7085 
4730 7097 
4738 7109 
4746 7121 
4754 7133 
4762 7145 
4770 7157 
4778 7169 
4786 7181 
4794 7193 
4802 7205 
4810 7217 
4818 7229 
4826 7241 
4834 7253 
4842 7265 
4850 7277 
4858 7289 
4866 7301 
4874 7313 
4882 7325 
4890 7337 
4898 7349 
4906 7361 
4914 7373 
4922 7385 
4930 7397 
4938 7409 
4946 7421 
4954 7433 
4962 7445 
4970 7457 
4978 7469 
4986 7481 
4994 7493 
5002 7505 
5010 7517 
5018 7529 
5026 7541 
5034 7553 
5042 7565 
5050 7577 
5058 7589 
5066 7601 
5074 7613 
5082 7625 
5090 7637 
5098 7649 
5106 7661 
5114 7673 
5122 7685 
5130 7697 
5138 7709 
5146 7721 
5154 7733 
5162 7745 
5170 7757 
5178 7769 
5186 7781 
5194 7793 
5202 7805 
5210 7817 
5218 7829 
5226 7841 
5234 7853 
5242 7865 
5250 7877 
5258 7889 
5266 7901 
5274 7913 
5282 7925 
5290 7937 
5298 7949 
5306 7961 
5314 7973 
5322 7985 
5330 7997 
5338 8009 
5346 8021 
5354 8033 
5362 8045 
5370 8057 
5378 8069 
5386 8081 
5394 8093 
5402 8105 
5410 8117 
5418 8129 
5426 8141 
5434 8153 
5442 8165 
5450 8177 
5458 8189 
5466 8201 
5474 8213 
5482 8225 
5490 8237 
5498 8249 
5506 8261 
5514 8273 
5522 8285 
5530 8297 
5538 8309 
5546 8321 
5554 8333 
5562 8345 
5570 8357 
5578 8369 
5586 8381 
5594 8393 
5602 8405 
5610 8417 
5618 8429 
5626 8441 
5634 8453 
5642 8465 
5650 8477 
5658 8489 
5666 8501 
5674 8513 
5682 8525 
5690 8537 
5698 8549 
5706 8561 
5714 8573 
5722 8585 
5730 8597 
5738 8609 
5746 8621 
5754 8633 
5762 8645 
5770 8657 
5778 8669 
5786 8681 
5794 8693 
5802 8705 
5810 8717 
5818 8729 
5826 8741 
5834 8753 
5842 8765 
5850 8777 
5858 8789 
5866 8801 
5874 8813 
5882 8825 
5890 8837 
5898 8849 
5906 8861 
5914 8873 
5922 8885 
5930 8897 
5938 8909 
5946 8921 
5954 8933 
5962 8945 
5970 8957 
5978 8969 
5986 8981 
5994 8993 
6002 9005 
6010 9017 
6018 9029 
6026 9041 
6034 9053 
6042 9065 
6050 9077 
6058 9089 
6066 9101 
6074 9113 
6082 9125 
6090 9137 
6098 9149 
6106 9161 
6114 9173 
6122 9185 
6130 9197 
6138 9209 
6146 9221 
6154 9233 
6162 9245 
6170 9257 
6178 9269 
6186 9281 
6194 9293 
6202 9305 
6210 9317 
6218 9329 
6226 9341 
6234 9353 
6242 9365 
6250 9377 
6258 9389 
6266 9401 
6274 9413 
6282 9425 
6290 9437 
6298 9449 
6306 9461 
6314 9473 
6322 9485 
6330 9497 
6338 9509 
6346 9521 
6354 9533 
6362 9545 
6370 9557 
6378 9569 
6386 9581 
6394 9593 
6402 9605 
6410 9617 
6418 9629 
6426 9641 
6434 9653 
6442 9665 
6450 9677 
6458 9689 
6466 9701 
6474 9713 
6482 9725 
6490 9737 
6498 9749 
6506 9761 
6514 9773 
6522 9785 
6530 9797 
6538 9809 
6546 9821 
6554 9833 
6562 9845 
6570 9857 
6578 9869 
6586 9881 
6594 9893 
6602 9905 
6610 9917 
6618 9929 
6626 9941 
6634 9953 
6642 9965 
6650 9977 
6658 9989 
6666 10001 
6674 10013 
6682 10025 
6690 10037 
6698 10049 
6706 10061 
6714 10073 
6722 10085 
6730 10097 
6738 10109 
6746 10121 
6754 10133 
6762 10145 
6770 10157 
6778 10169 
6786 10181 
6794 10193 
6802 10205 
6810 10217 
6818 10229 
6826 10241 
6834 10253 
6842 10265 
6850 10277 
6858 10289 
6866 10301 
6874 10313 
6882 10325 
6890 10337 
6898 10349 
6906 10361 
6914 10373 
6922 10385 
6930 10397 
6938 10409 
6946 10421 
6954 10433 
6962 10445 
6970 10457 
6978 10469 
6986 10481 
6994 10493 
7002 10505 
7010 10517 
7018 10529 
7026 10541 
7034 10553 
7042 10565 
7050 10577 
7058 10589 
7066 10601 
7074 10613 
7082 10625 
7090 10637 
7098 10649 
7106 10661 
7114 10673 
7122 10685 
7130 10697 
7138 10709 
7146 10721 
7154 10733 
7162 10745 
7170 10757 
7178 10769 
7186 10781 
7194 10793 
7202 10805 
7210 10817 
7218 10829 
7226 10841 
7234 10853 
7242 10865 
7250 10877 
7258 10889 
7266 10901 
7274 10913 
7282 10925 
7290 10937 
7298 10949 
7306 10961 
7314 10973 
7322 10985 
7330 10997 
7338 11009 
7346 11021 
7354 11033 
7362 11045 
7370 11057 
7378 11069 
7386 11081 
7394 11093 
7402 11105 
7410 11117 
7418 11129 
7426 11141 
7434 11153 
7442 11165 
7450 11177 
7458 11189 
7466 11201 
7474 11213 
7482 11225 
7490 11237 
7498 11249 
7506 11261 
7514 11273 
7522 11285 
7530 11297 
7538 11309 
7546 11321 
7554 11333 
7562 11345 
7570 11357 
7578 11369 
7586 11381 
7594 11393 
7602 11405 
7610 11417 
7618 11429 
7626 11441 
7634 11453 
7642 11465 
7650 11477 
7658 11489 
7666 11501 
7674 11513 
7682 11525 
7690 11537 
7698 11549 
7706 11561 
7714 11573 
7722 11585 
7730 11597 
7738 11609 
7746 11621 
7754 11633 
7762 11645 
7770 11657 
7778 11669 
7786 11681 
7794 11693 
7802 11705 
7810 11717 
7818 11729 
7826 11741 
7834 11753 
7842 11765 
7850 11777 
7858 11789 
7866 11801 
7874 11813 
7882 11825 
7890 11837 
7898 11849 
7906 11861 
7914 11873 
7922 11885 
7930 11897 
7938 11909 
7946 11921 
7954 11933 
7962 11945 
7970 11957 
7978 11969 
7986 11981 
7994 11993 